x y z
0.000000 0.000000 5.000000
0.000000 0.000000 5.000000
0.000000 0.000000 5.000000
0.000000 0.000000 5.000000
0.000000 0.000000 5.000000
0.000000 0.000000 5.000000
0.000000 0.000000 5.000000
0.000000 0.000000 5.000000
0.000000 0.000000 5.000000
0.000000 0.000000 5.000000
0.000000 0.000000 5.000000
0.000000 0.000000 5.000000
0.000000 0.000000 5.000000
0.000000 0.000000 5.000000
0.000000 0.000000 5.000000
-0.000000 0.000000 5.000000
-0.000000 0.000000 5.000000
-0.000000 0.000000 5.000000
-0.000000 0.000000 5.000000
-0.000000 0.000000 5.000000
-0.000000 0.000000 5.000000
-0.000000 0.000000 5.000000
-0.000000 0.000000 5.000000
-0.000000 0.000000 5.000000
-0.000000 0.000000 5.000000
-0.000000 0.000000 5.000000
-0.000000 0.000000 5.000000
-0.000000 0.000000 5.000000
-0.000000 0.000000 5.000000
-0.000000 0.000000 5.000000
-0.000000 -0.000000 5.000000
-0.000000 -0.000000 5.000000
-0.000000 -0.000000 5.000000
-0.000000 -0.000000 5.000000
-0.000000 -0.000000 5.000000
-0.000000 -0.000000 5.000000
-0.000000 -0.000000 5.000000
-0.000000 -0.000000 5.000000
-0.000000 -0.000000 5.000000
-0.000000 -0.000000 5.000000
-0.000000 -0.000000 5.000000
-0.000000 -0.000000 5.000000
-0.000000 -0.000000 5.000000
-0.000000 -0.000000 5.000000
-0.000000 -0.000000 5.000000
0.000000 -0.000000 5.000000
0.000000 -0.000000 5.000000
0.000000 -0.000000 5.000000
0.000000 -0.000000 5.000000
0.000000 -0.000000 5.000000
0.000000 -0.000000 5.000000
0.000000 -0.000000 5.000000
0.000000 -0.000000 5.000000
0.000000 -0.000000 5.000000
0.000000 -0.000000 5.000000
0.000000 -0.000000 5.000000
0.000000 -0.000000 5.000000
0.000000 -0.000000 5.000000
0.000000 -0.000000 5.000000
0.000000 -0.000000 5.000000
0.540595 0.000000 4.970690
0.537533 0.057462 4.970690
0.528379 0.114272 4.970690
0.513240 0.169788 4.970690
0.492285 0.223380 4.970690
0.465752 0.274442 4.970690
0.433942 0.322393 4.970690
0.397215 0.366692 4.970690
0.355988 0.406836 4.970690
0.310727 0.442370 4.970690
0.261946 0.472893 4.970690
0.210196 0.498057 4.970690
0.156065 0.517578 4.970690
0.100166 0.531234 4.970690
0.043132 0.538872 4.970690
-0.014391 0.540404 4.970690
-0.071751 0.535812 4.970690
-0.128298 0.525150 4.970690
-0.183391 0.508538 4.970690
-0.236406 0.486164 4.970690
-0.286743 0.458281 4.970690
-0.333831 0.425206 4.970690
-0.377136 0.387313 4.970690
-0.416168 0.345032 4.970690
-0.450485 0.298841 4.970690
-0.479698 0.249264 4.970690
-0.503476 0.196863 4.970690
-0.521549 0.142232 4.970690
-0.533712 0.085989 4.970690
-0.539829 0.028772 4.970690
-0.539829 -0.028772 4.970690
-0.533712 -0.085989 4.970690
-0.521549 -0.142232 4.970690
-0.503476 -0.196863 4.970690
-0.479698 -0.249264 4.970690
-0.450485 -0.298841 4.970690
-0.416168 -0.345032 4.970690
-0.377136 -0.387313 4.970690
-0.333831 -0.425206 4.970690
-0.286743 -0.458281 4.970690
-0.236406 -0.486164 4.970690
-0.183391 -0.508538 4.970690
-0.128298 -0.525150 4.970690
-0.071751 -0.535812 4.970690
-0.014391 -0.540404 4.970690
0.043132 -0.538872 4.970690
0.100166 -0.531234 4.970690
0.156065 -0.517578 4.970690
0.210196 -0.498057 4.970690
0.261946 -0.472893 4.970690
0.310727 -0.442370 4.970690
0.355988 -0.406836 4.970690
0.397215 -0.366692 4.970690
0.433942 -0.322393 4.970690
0.465752 -0.274442 4.970690
0.492285 -0.223380 4.970690
0.513240 -0.169788 4.970690
0.528379 -0.114272 4.970690
0.537533 -0.057462 4.970690
0.540595 -0.000000 4.970690
1.074852 0.000000 4.883103
1.068763 0.114250 4.883103
1.050564 0.227205 4.883103
1.020462 0.337586 4.883103
0.978798 0.444142 4.883103
0.926043 0.545666 4.883103
0.862796 0.641007 4.883103
0.789774 0.729085 4.883103
0.707802 0.808902 4.883103
0.617812 0.879555 4.883103
0.520821 0.940241 4.883103
0.417929 0.990274 4.883103
0.310301 1.029087 4.883103
0.199158 1.056240 4.883103
0.085758 1.071426 4.883103
-0.028613 1.074471 4.883103
-0.142660 1.065343 4.883103
-0.255091 1.044144 4.883103
-0.364632 1.011114 4.883103
-0.470041 0.966628 4.883103
-0.570124 0.911189 4.883103
-0.663748 0.845427 4.883103
-0.749851 0.770085 4.883103
-0.827458 0.686018 4.883103
-0.895689 0.594178 4.883103
-0.953772 0.495606 4.883103
-1.001049 0.391419 4.883103
-1.036983 0.282796 4.883103
-1.061168 0.170970 4.883103
-1.073329 0.057206 4.883103
-1.073329 -0.057206 4.883103
-1.061168 -0.170970 4.883103
-1.036983 -0.282796 4.883103
-1.001049 -0.391419 4.883103
-0.953772 -0.495606 4.883103
-0.895689 -0.594178 4.883103
-0.827458 -0.686018 4.883103
-0.749851 -0.770085 4.883103
-0.663748 -0.845427 4.883103
-0.570124 -0.911189 4.883103
-0.470041 -0.966628 4.883103
-0.364632 -1.011114 4.883103
-0.255091 -1.044144 4.883103
-0.142660 -1.065343 4.883103
-0.028613 -1.074471 4.883103
0.085758 -1.071426 4.883103
0.199158 -1.056240 4.883103
0.310301 -1.029087 4.883103
0.417929 -0.990274 4.883103
0.520821 -0.940241 4.883103
0.617812 -0.879555 4.883103
0.707802 -0.808902 4.883103
0.789774 -0.729085 4.883103
0.862796 -0.641007 4.883103
0.926043 -0.545666 4.883103
0.978798 -0.444142 4.883103
1.020462 -0.337586 4.883103
1.050564 -0.227205 4.883103
1.068763 -0.114250 4.883103
1.074852 -0.000000 4.883103
1.596508 0.000000 4.738266
1.587463 0.169698 4.738266
1.560432 0.337474 4.738266
1.515721 0.501426 4.738266
1.453835 0.659696 4.738266
1.375478 0.810492 4.738266
1.281535 0.952105 4.738266
1.173073 1.082930 4.738266
1.051318 1.201485 4.738266
0.917652 1.306427 4.738266
0.773589 1.396566 4.738266
0.620761 1.470882 4.738266
0.460899 1.528532 4.738266
0.295815 1.568863 4.738266
0.127379 1.591418 4.738266
-0.042500 1.595942 4.738266
-0.211897 1.582383 4.738266
-0.378894 1.550895 4.738266
-0.541597 1.501835 4.738266
-0.698164 1.435759 4.738266
-0.846821 1.353414 4.738266
-0.985883 1.255736 4.738266
-1.113774 1.143829 4.738266
-1.229046 1.018962 4.738266
-1.330392 0.882550 4.738266
-1.416664 0.736138 4.738266
-1.486885 0.581385 4.738266
-1.540259 0.420045 4.738266
-1.576181 0.253946 4.738266
-1.594245 0.084970 4.738266
-1.594245 -0.084970 4.738266
-1.576181 -0.253946 4.738266
-1.540259 -0.420045 4.738266
-1.486885 -0.581385 4.738266
-1.416664 -0.736138 4.738266
-1.330392 -0.882550 4.738266
-1.229046 -1.018962 4.738266
-1.113774 -1.143829 4.738266
-0.985883 -1.255736 4.738266
-0.846821 -1.353414 4.738266
-0.698164 -1.435759 4.738266
-0.541597 -1.501835 4.738266
-0.378894 -1.550895 4.738266
-0.211897 -1.582383 4.738266
-0.042500 -1.595942 4.738266
0.127379 -1.591418 4.738266
0.295815 -1.568863 4.738266
0.460899 -1.528532 4.738266
0.620761 -1.470882 4.738266
0.773589 -1.396566 4.738266
0.917652 -1.306427 4.738266
1.051318 -1.201485 4.738266
1.173073 -1.082930 4.738266
1.281535 -0.952105 4.738266
1.375478 -0.810492 4.738266
1.453835 -0.659696 4.738266
1.515721 -0.501426 4.738266
1.560432 -0.337474 4.738266
1.587463 -0.169698 4.738266
1.596508 -0.000000 4.738266
2.099446 0.000000 4.537877
2.087552 0.223157 4.537877
2.052005 0.443786 4.537877
1.993209 0.659387 4.537877
1.911828 0.867516 4.537877
1.808786 1.065817 4.537877
1.685249 1.252041 4.537877
1.542618 1.424079 4.537877
1.382509 1.579981 4.537877
1.206735 1.717982 4.537877
1.017288 1.836517 4.537877
0.816315 1.934244 4.537877
0.606093 2.010055 4.537877
0.389004 2.063092 4.537877
0.167507 2.092752 4.537877
-0.055888 2.098701 4.537877
-0.278650 2.080871 4.537877
-0.498254 2.039464 4.537877
-0.712214 1.974949 4.537877
-0.918103 1.888057 4.537877
-1.113590 1.779772 4.537877
-1.296459 1.651322 4.537877
-1.464639 1.504162 4.537877
-1.616224 1.339959 4.537877
-1.749497 1.160574 4.537877
-1.862947 0.968039 4.537877
-1.955290 0.764535 4.537877
-2.025478 0.552369 4.537877
-2.072716 0.333945 4.537877
-2.096470 0.111737 4.537877
-2.096470 -0.111737 4.537877
-2.072716 -0.333945 4.537877
-2.025478 -0.552369 4.537877
-1.955290 -0.764535 4.537877
-1.862947 -0.968039 4.537877
-1.749497 -1.160574 4.537877
-1.616224 -1.339959 4.537877
-1.464639 -1.504162 4.537877
-1.296459 -1.651322 4.537877
-1.113590 -1.779772 4.537877
-0.918103 -1.888057 4.537877
-0.712214 -1.974949 4.537877
-0.498254 -2.039464 4.537877
-0.278650 -2.080871 4.537877
-0.055888 -2.098701 4.537877
0.167507 -2.092752 4.537877
0.389004 -2.063092 4.537877
0.606093 -2.010055 4.537877
0.816315 -1.934244 4.537877
1.017288 -1.836517 4.537877
1.206735 -1.717982 4.537877
1.382509 -1.579981 4.537877
1.542618 -1.424079 4.537877
1.685249 -1.252041 4.537877
1.808786 -1.065817 4.537877
1.911828 -0.867516 4.537877
1.993209 -0.659387 4.537877
2.052005 -0.443786 4.537877
2.087552 -0.223157 4.537877
2.099446 -0.000000 4.537877
2.577769 0.000000 4.284286
2.563166 0.274000 4.284286
2.519520 0.544896 4.284286
2.447328 0.809617 4.284286
2.347406 1.065166 4.284286
2.220888 1.308645 4.284286
2.069205 1.537297 4.284286
1.894078 1.748531 4.284286
1.697490 1.939954 4.284286
1.481669 2.109396 4.284286
1.249060 2.254937 4.284286
1.002299 2.374930 4.284286
0.744181 2.468013 4.284286
0.477632 2.533133 4.284286
0.205670 2.569551 4.284286
-0.068622 2.576856 4.284286
-0.342136 2.554963 4.284286
-0.611773 2.504122 4.284286
-0.874480 2.424908 4.284286
-1.127277 2.318219 4.284286
-1.367303 2.185264 4.284286
-1.591836 2.027548 4.284286
-1.798333 1.846860 4.284286
-1.984454 1.645246 4.284286
-2.148091 1.424991 4.284286
-2.287389 1.188590 4.284286
-2.400770 0.938722 4.284286
-2.486949 0.678218 4.284286
-2.544950 0.410029 4.284286
-2.574116 0.137194 4.284286
-2.574116 -0.137194 4.284286
-2.544950 -0.410029 4.284286
-2.486949 -0.678218 4.284286
-2.400770 -0.938722 4.284286
-2.287389 -1.188590 4.284286
-2.148091 -1.424991 4.284286
-1.984454 -1.645246 4.284286
-1.798333 -1.846860 4.284286
-1.591836 -2.027548 4.284286
-1.367303 -2.185264 4.284286
-1.127277 -2.318219 4.284286
-0.874480 -2.424908 4.284286
-0.611773 -2.504122 4.284286
-0.342136 -2.554963 4.284286
-0.068622 -2.576856 4.284286
0.205670 -2.569551 4.284286
0.477632 -2.533133 4.284286
0.744181 -2.468013 4.284286
1.002299 -2.374930 4.284286
1.249060 -2.254937 4.284286
1.481669 -2.109396 4.284286
1.697490 -1.939954 4.284286
1.894078 -1.748531 4.284286
2.069205 -1.537297 4.284286
2.220888 -1.308645 4.284286
2.347406 -1.065166 4.284286
2.447328 -0.809617 4.284286
2.519520 -0.544896 4.284286
2.563166 -0.274000 4.284286
2.577769 -0.000000 4.284286
3.025871 0.000000 3.980465
3.008729 0.321630 3.980465
2.957497 0.639617 3.980465
2.872755 0.950356 3.980465
2.755463 1.250327 3.980465
2.606952 1.536131 3.980465
2.428902 1.804531 3.980465
2.223332 2.052484 3.980465
1.992571 2.277182 3.980465
1.739233 2.476079 3.980465
1.466188 2.646920 3.980465
1.176532 2.787771 3.980465
0.873545 2.897036 3.980465
0.560660 2.973475 3.980465
0.241422 3.016225 3.980465
-0.080550 3.024799 3.980465
-0.401610 2.999101 3.980465
-0.718120 2.939422 3.980465
-1.026493 2.846438 3.980465
-1.323236 2.721203 3.980465
-1.604985 2.565135 3.980465
-1.868550 2.380004 3.980465
-2.110943 2.167906 3.980465
-2.329418 1.931245 3.980465
-2.521500 1.672702 3.980465
-2.685013 1.395206 3.980465
-2.818103 1.101903 3.980465
-2.919263 0.796114 3.980465
-2.987347 0.481306 3.980465
-3.021582 0.161043 3.980465
-3.021582 -0.161043 3.980465
-2.987347 -0.481306 3.980465
-2.919263 -0.796114 3.980465
-2.818103 -1.101903 3.980465
-2.685013 -1.395206 3.980465
-2.521500 -1.672702 3.980465
-2.329418 -1.931245 3.980465
-2.110943 -2.167906 3.980465
-1.868550 -2.380004 3.980465
-1.604985 -2.565135 3.980465
-1.323236 -2.721203 3.980465
-1.026493 -2.846438 3.980465
-0.718120 -2.939422 3.980465
-0.401610 -2.999101 3.980465
-0.080550 -3.024799 3.980465
0.241422 -3.016225 3.980465
0.560660 -2.973475 3.980465
0.873545 -2.897036 3.980465
1.176532 -2.787771 3.980465
1.466188 -2.646920 3.980465
1.739233 -2.476079 3.980465
1.992571 -2.277182 3.980465
2.223332 -2.052484 3.980465
2.428902 -1.804531 3.980465
2.606952 -1.536131 3.980465
2.755463 -1.250327 3.980465
2.872755 -0.950356 3.980465
2.957497 -0.639617 3.980465
3.008729 -0.321630 3.980465
3.025871 -0.000000 3.980465
3.438497 0.000000 3.629977
3.419018 0.365490 3.629977
3.360799 0.726839 3.629977
3.264501 1.079952 3.629977
3.131215 1.420829 3.629977
2.962451 1.745607 3.629977
2.760122 2.050608 3.629977
2.526519 2.332373 3.629977
2.264290 2.587713 3.629977
1.976405 2.813732 3.629977
1.666127 3.007870 3.629977
1.336971 3.167929 3.629977
0.992666 3.292093 3.629977
0.637115 3.378957 3.629977
0.274344 3.427535 3.629977
-0.091535 3.437279 3.629977
-0.456376 3.408076 3.629977
-0.816047 3.340259 3.629977
-1.166472 3.234595 3.629977
-1.503680 3.092282 3.629977
-1.823851 2.914933 3.629977
-2.123357 2.704555 3.629977
-2.398804 2.463535 3.629977
-2.647072 2.194601 3.629977
-2.865348 1.900802 3.629977
-3.051158 1.585465 3.629977
-3.202397 1.252165 3.629977
-3.317352 0.904677 3.629977
-3.394720 0.546939 3.629977
-3.433624 0.183004 3.629977
-3.433624 -0.183004 3.629977
-3.394720 -0.546939 3.629977
-3.317352 -0.904677 3.629977
-3.202397 -1.252165 3.629977
-3.051158 -1.585465 3.629977
-2.865348 -1.900802 3.629977
-2.647072 -2.194601 3.629977
-2.398804 -2.463535 3.629977
-2.123357 -2.704555 3.629977
-1.823851 -2.914933 3.629977
-1.503680 -3.092282 3.629977
-1.166472 -3.234595 3.629977
-0.816047 -3.340259 3.629977
-0.456376 -3.408076 3.629977
-0.091535 -3.437279 3.629977
0.274344 -3.427535 3.629977
0.637115 -3.378957 3.629977
0.992666 -3.292093 3.629977
1.336971 -3.167929 3.629977
1.666127 -3.007870 3.629977
1.976405 -2.813732 3.629977
2.264290 -2.587713 3.629977
2.526519 -2.332373 3.629977
2.760122 -2.050608 3.629977
2.962451 -1.745607 3.629977
3.131215 -1.420829 3.629977
3.264501 -1.079952 3.629977
3.360799 -0.726839 3.629977
3.419018 -0.365490 3.629977
3.438497 -0.000000 3.629977
3.810810 0.000000 3.236931
3.789221 0.405064 3.236931
3.724699 0.805539 3.236931
3.617974 1.196887 3.236931
3.470256 1.574673 3.236931
3.283219 1.934618 3.236931
3.058982 2.272643 3.236931
2.800085 2.584918 3.236931
2.509462 2.867904 3.236931
2.190406 3.118397 3.236931
1.846531 3.333556 3.236931
1.481735 3.510945 3.236931
1.100150 3.648554 3.236931
0.706100 3.744823 3.236931
0.304050 3.798661 3.236931
-0.101446 3.809460 3.236931
-0.505792 3.777095 3.236931
-0.904407 3.701935 3.236931
-1.292775 3.584830 3.236931
-1.666495 3.427108 3.236931
-2.021333 3.230555 3.236931
-2.353269 2.997399 3.236931
-2.658541 2.730281 3.236931
-2.933691 2.432227 3.236931
-3.175601 2.106616 3.236931
-3.381530 1.757136 3.236931
-3.549145 1.387747 3.236931
-3.676547 1.002634 3.236931
-3.762292 0.606161 3.236931
-3.805409 0.202820 3.236931
-3.805409 -0.202820 3.236931
-3.762292 -0.606161 3.236931
-3.676547 -1.002634 3.236931
-3.549145 -1.387747 3.236931
-3.381530 -1.757136 3.236931
-3.175601 -2.106616 3.236931
-2.933691 -2.432227 3.236931
-2.658541 -2.730281 3.236931
-2.353269 -2.997399 3.236931
-2.021333 -3.230555 3.236931
-1.666495 -3.427108 3.236931
-1.292775 -3.584830 3.236931
-0.904407 -3.701935 3.236931
-0.505792 -3.777095 3.236931
-0.101446 -3.809460 3.236931
0.304050 -3.798661 3.236931
0.706100 -3.744823 3.236931
1.100150 -3.648554 3.236931
1.481735 -3.510945 3.236931
1.846531 -3.333556 3.236931
2.190406 -3.118397 3.236931
2.509462 -2.867904 3.236931
2.800085 -2.584918 3.236931
3.058982 -2.272643 3.236931
3.283219 -1.934618 3.236931
3.470256 -1.574673 3.236931
3.617974 -1.196887 3.236931
3.724699 -0.805539 3.236931
3.789221 -0.405064 3.236931
3.810810 -0.000000 3.236931
4.138445 0.000000 2.805935
4.115000 0.439890 2.805935
4.044930 0.874795 2.805935
3.929030 1.299789 2.805935
3.768612 1.710056 2.805935
3.565494 2.100947 2.805935
3.321978 2.468034 2.805935
3.040822 2.807156 2.805935
2.725213 3.114473 2.805935
2.378726 3.386501 2.805935
2.005287 3.620159 2.805935
1.609127 3.812799 2.805935
1.194736 3.962238 2.805935
0.766807 4.066784 2.805935
0.330190 4.125252 2.805935
-0.110168 4.136978 2.805935
-0.549277 4.101831 2.805935
-0.982163 4.020209 2.805935
-1.403921 3.893036 2.805935
-1.809772 3.721754 2.805935
-2.195118 3.508302 2.805935
-2.555592 3.255100 2.805935
-2.887110 2.965017 2.805935
-3.185916 2.641338 2.805935
-3.448624 2.287733 2.805935
-3.672258 1.908206 2.805935
-3.854284 1.507059 2.805935
-3.992639 1.088835 2.805935
-4.085756 0.658276 2.805935
-4.132580 0.220257 2.805935
-4.132580 -0.220257 2.805935
-4.085756 -0.658276 2.805935
-3.992639 -1.088835 2.805935
-3.854284 -1.507059 2.805935
-3.672258 -1.908206 2.805935
-3.448624 -2.287733 2.805935
-3.185916 -2.641338 2.805935
-2.887110 -2.965017 2.805935
-2.555592 -3.255100 2.805935
-2.195118 -3.508302 2.805935
-1.809772 -3.721754 2.805935
-1.403921 -3.893036 2.805935
-0.982163 -4.020209 2.805935
-0.549277 -4.101831 2.805935
-0.110168 -4.136978 2.805935
0.330190 -4.125252 2.805935
0.766807 -4.066784 2.805935
1.194736 -3.962238 2.805935
1.609127 -3.812799 2.805935
2.005287 -3.620159 2.805935
2.378726 -3.386501 2.805935
2.725213 -3.114473 2.805935
3.040822 -2.807156 2.805935
3.321978 -2.468034 2.805935
3.565494 -2.100947 2.805935
3.768612 -1.710056 2.805935
3.929030 -1.299789 2.805935
4.044930 -0.874795 2.805935
4.115000 -0.439890 2.805935
4.138445 -0.000000 2.805935
4.417560 0.000000 2.342042
4.392534 0.469558 2.342042
4.317738 0.933795 2.342042
4.194021 1.387453 2.342042
4.022784 1.825390 2.342042
3.805967 2.242644 2.342042
3.546027 2.634489 2.342042
3.245909 2.996483 2.342042
2.909014 3.324527 2.342042
2.539158 3.614902 2.342042
2.140533 3.864319 2.342042
1.717654 4.069951 2.342042
1.275314 4.229470 2.342042
0.818524 4.341066 2.342042
0.352460 4.403477 2.342042
-0.117598 4.415995 2.342042
-0.586323 4.378477 2.342042
-1.048405 4.291350 2.342042
-1.498608 4.155600 2.342042
-1.931831 3.972765 2.342042
-2.343166 3.744918 2.342042
-2.727952 3.474639 2.342042
-3.081829 3.164991 2.342042
-3.400788 2.819482 2.342042
-3.681214 2.442028 2.342042
-3.919931 2.036904 2.342042
-4.114234 1.608701 2.342042
-4.261920 1.162271 2.342042
-4.361317 0.702673 2.342042
-4.411299 0.235112 2.342042
-4.411299 -0.235112 2.342042
-4.361317 -0.702673 2.342042
-4.261920 -1.162271 2.342042
-4.114234 -1.608701 2.342042
-3.919931 -2.036904 2.342042
-3.681214 -2.442028 2.342042
-3.400788 -2.819482 2.342042
-3.081829 -3.164991 2.342042
-2.727952 -3.474639 2.342042
-2.343166 -3.744918 2.342042
-1.931831 -3.972765 2.342042
-1.498608 -4.155600 2.342042
-1.048405 -4.291350 2.342042
-0.586323 -4.378477 2.342042
-0.117598 -4.415995 2.342042
0.352460 -4.403477 2.342042
0.818524 -4.341066 2.342042
1.275314 -4.229470 2.342042
1.717654 -4.069951 2.342042
2.140533 -3.864319 2.342042
2.539158 -3.614902 2.342042
2.909014 -3.324527 2.342042
3.245909 -2.996483 2.342042
3.546027 -2.634489 2.342042
3.805967 -2.242644 2.342042
4.022784 -1.825390 2.342042
4.194021 -1.387453 2.342042
4.317738 -0.933795 2.342042
4.392534 -0.469558 2.342042
4.417560 -0.000000 2.342042
4.644884 0.000000 1.850691
4.618569 0.493721 1.850691
4.539925 0.981848 1.850691
4.409841 1.458850 1.850691
4.229793 1.919323 1.850691
4.001818 2.358049 1.850691
3.728502 2.770057 1.850691
3.412940 3.150680 1.850691
3.058709 3.495604 1.850691
2.669821 3.800921 1.850691
2.250682 4.063173 1.850691
1.806043 4.279387 1.850691
1.340940 4.447114 1.850691
0.860645 4.564453 1.850691
0.370597 4.630076 1.850691
-0.123649 4.643238 1.850691
-0.616495 4.603790 1.850691
-1.102355 4.512179 1.850691
-1.575725 4.369443 1.850691
-2.031242 4.177200 1.850691
-2.463743 3.937628 1.850691
-2.868330 3.653440 1.850691
-3.240417 3.327858 1.850691
-3.575789 2.964570 1.850691
-3.870646 2.567692 1.850691
-4.121647 2.141721 1.850691
-4.325948 1.691483 1.850691
-4.481234 1.222081 1.850691
-4.585747 0.738831 1.850691
-4.638300 0.247211 1.850691
-4.638300 -0.247211 1.850691
-4.585747 -0.738831 1.850691
-4.481234 -1.222081 1.850691
-4.325948 -1.691483 1.850691
-4.121647 -2.141721 1.850691
-3.870646 -2.567692 1.850691
-3.575789 -2.964570 1.850691
-3.240417 -3.327858 1.850691
-2.868330 -3.653440 1.850691
-2.463743 -3.937628 1.850691
-2.031242 -4.177200 1.850691
-1.575725 -4.369443 1.850691
-1.102355 -4.512179 1.850691
-0.616495 -4.603790 1.850691
-0.123649 -4.643238 1.850691
0.370597 -4.630076 1.850691
0.860645 -4.564453 1.850691
1.340940 -4.447114 1.850691
1.806043 -4.279387 1.850691
2.250682 -4.063173 1.850691
2.669821 -3.800921 1.850691
3.058709 -3.495604 1.850691
3.412940 -3.150680 1.850691
3.728502 -2.770057 1.850691
4.001818 -2.358049 1.850691
4.229793 -1.919323 1.850691
4.409841 -1.458850 1.850691
4.539925 -0.981848 1.850691
4.618569 -0.493721 1.850691
4.644884 -0.000000 1.850691
4.817750 0.000000 1.337642
4.790456 0.512095 1.337642
4.708885 1.018389 1.337642
4.573960 1.513143 1.337642
4.387211 1.990753 1.337642
4.150752 2.445807 1.337642
3.867264 2.873149 1.337642
3.539958 3.267937 1.337642
3.172543 3.625698 1.337642
2.769182 3.942378 1.337642
2.334445 4.214390 1.337642
1.873258 4.438651 1.337642
1.390846 4.612620 1.337642
0.892675 4.734326 1.337642
0.384390 4.802391 1.337642
-0.128251 4.816043 1.337642
-0.639438 4.775127 1.337642
-1.143381 4.680106 1.337642
-1.634368 4.532059 1.337642
-2.106837 4.332661 1.337642
-2.555435 4.084173 1.337642
-2.975079 3.789409 1.337642
-3.361014 3.451709 1.337642
-3.708868 3.074901 1.337642
-4.014698 2.663252 1.337642
-4.275040 2.221428 1.337642
-4.486945 1.754435 1.337642
-4.648010 1.267562 1.337642
-4.756412 0.766328 1.337642
-4.810922 0.256411 1.337642
-4.810922 -0.256411 1.337642
-4.756412 -0.766328 1.337642
-4.648010 -1.267562 1.337642
-4.486945 -1.754435 1.337642
-4.275040 -2.221428 1.337642
-4.014698 -2.663252 1.337642
-3.708868 -3.074901 1.337642
-3.361014 -3.451709 1.337642
-2.975079 -3.789409 1.337642
-2.555435 -4.084173 1.337642
-2.106837 -4.332661 1.337642
-1.634368 -4.532059 1.337642
-1.143381 -4.680106 1.337642
-0.639438 -4.775127 1.337642
-0.128251 -4.816043 1.337642
0.384390 -4.802391 1.337642
0.892675 -4.734326 1.337642
1.390846 -4.612620 1.337642
1.873258 -4.438651 1.337642
2.334445 -4.214390 1.337642
2.769182 -3.942378 1.337642
3.172543 -3.625698 1.337642
3.539958 -3.267937 1.337642
3.867264 -2.873149 1.337642
4.150752 -2.445807 1.337642
4.387211 -1.990753 1.337642
4.573960 -1.513143 1.337642
4.708885 -1.018389 1.337642
4.790456 -0.512095 1.337642
4.817750 -0.000000 1.337642
4.934133 0.000000 0.808910
4.906180 0.524466 0.808910
4.822638 1.042990 0.808910
4.684454 1.549696 0.808910
4.493193 2.038844 0.808910
4.251022 2.504890 0.808910
3.960686 2.942556 0.808910
3.625473 3.346881 0.808910
3.249182 3.713284 0.808910
2.836077 4.037614 0.808910
2.390838 4.316197 0.808910
1.918510 4.545875 0.808910
1.424444 4.724047 0.808910
0.914239 4.848694 0.808910
0.393675 4.918403 0.808910
-0.131349 4.932384 0.808910
-0.654885 4.890480 0.808910
-1.171001 4.793164 0.808910
-1.673850 4.641540 0.808910
-2.157732 4.437325 0.808910
-2.617167 4.182834 0.808910
-3.046948 3.880950 0.808910
-3.442206 3.535093 0.808910
-3.798463 3.149181 0.808910
-4.111681 2.727589 0.808910
-4.378313 2.275092 0.808910
-4.595336 1.796817 0.808910
-4.760293 1.298183 0.808910
-4.871313 0.784840 0.808910
-4.927139 0.262605 0.808910
-4.927139 -0.262605 0.808910
-4.871313 -0.784840 0.808910
-4.760293 -1.298183 0.808910
-4.595336 -1.796817 0.808910
-4.378313 -2.275092 0.808910
-4.111681 -2.727589 0.808910
-3.798463 -3.149181 0.808910
-3.442206 -3.535093 0.808910
-3.046948 -3.880950 0.808910
-2.617167 -4.182834 0.808910
-2.157732 -4.437325 0.808910
-1.673850 -4.641540 0.808910
-1.171001 -4.793164 0.808910
-0.654885 -4.890480 0.808910
-0.131349 -4.932384 0.808910
0.393675 -4.918403 0.808910
0.914239 -4.848694 0.808910
1.424444 -4.724047 0.808910
1.918510 -4.545875 0.808910
2.390838 -4.316197 0.808910
2.836077 -4.037614 0.808910
3.249182 -3.713284 0.808910
3.625473 -3.346881 0.808910
3.960686 -2.942556 0.808910
4.251022 -2.504890 0.808910
4.493193 -2.038844 0.808910
4.684454 -1.549696 0.808910
4.822638 -1.042990 0.808910
4.906180 -0.524466 0.808910
4.934133 -0.000000 0.808910
4.992667 0.000000 0.270695
4.964383 0.530688 0.270695
4.879850 1.055363 0.270695
4.740026 1.568080 0.270695
4.546496 2.063031 0.270695
4.301453 2.534606 0.270695
4.007672 2.977464 0.270695
3.668483 3.386585 0.270695
3.287728 3.757335 0.270695
2.869722 4.085513 0.270695
2.419201 4.367401 0.270695
1.941270 4.599804 0.270695
1.441343 4.780089 0.270695
0.925085 4.906215 0.270695
0.398345 4.976750 0.270695
-0.132907 4.990898 0.270695
-0.662654 4.948496 0.270695
-1.184893 4.850026 0.270695
-1.693707 4.696603 0.270695
-2.183330 4.489966 0.270695
-2.648215 4.232456 0.270695
-3.083095 3.926990 0.270695
-3.483042 3.577030 0.270695
-3.843525 3.186541 0.270695
-4.160459 2.759947 0.270695
-4.430253 2.302081 0.270695
-4.649851 1.818133 0.270695
-4.816765 1.313584 0.270695
-4.929102 0.794151 0.270695
-4.985591 0.265721 0.270695
-4.985591 -0.265721 0.270695
-4.929102 -0.794151 0.270695
-4.816765 -1.313584 0.270695
-4.649851 -1.818133 0.270695
-4.430253 -2.302081 0.270695
-4.160459 -2.759947 0.270695
-3.843525 -3.186541 0.270695
-3.483042 -3.577030 0.270695
-3.083095 -3.926990 0.270695
-2.648215 -4.232456 0.270695
-2.183330 -4.489966 0.270695
-1.693707 -4.696603 0.270695
-1.184893 -4.850026 0.270695
-0.662654 -4.948496 0.270695
-0.132907 -4.990898 0.270695
0.398345 -4.976750 0.270695
0.925085 -4.906215 0.270695
1.441343 -4.780089 0.270695
1.941270 -4.599804 0.270695
2.419201 -4.367401 0.270695
2.869722 -4.085513 0.270695
3.287728 -3.757335 0.270695
3.668483 -3.386585 0.270695
4.007672 -2.977464 0.270695
4.301453 -2.534606 0.270695
4.546496 -2.063031 0.270695
4.740026 -1.568080 0.270695
4.879850 -1.055363 0.270695
4.964383 -0.530688 0.270695
4.992667 -0.000000 0.270695
4.992667 0.000000 -0.270695
4.964383 0.530688 -0.270695
4.879850 1.055363 -0.270695
4.740026 1.568080 -0.270695
4.546496 2.063031 -0.270695
4.301453 2.534606 -0.270695
4.007672 2.977464 -0.270695
3.668483 3.386585 -0.270695
3.287728 3.757335 -0.270695
2.869722 4.085513 -0.270695
2.419201 4.367401 -0.270695
1.941270 4.599804 -0.270695
1.441343 4.780089 -0.270695
0.925085 4.906215 -0.270695
0.398345 4.976750 -0.270695
-0.132907 4.990898 -0.270695
-0.662654 4.948496 -0.270695
-1.184893 4.850026 -0.270695
-1.693707 4.696603 -0.270695
-2.183330 4.489966 -0.270695
-2.648215 4.232456 -0.270695
-3.083095 3.926990 -0.270695
-3.483042 3.577030 -0.270695
-3.843525 3.186541 -0.270695
-4.160459 2.759947 -0.270695
-4.430253 2.302081 -0.270695
-4.649851 1.818133 -0.270695
-4.816765 1.313584 -0.270695
-4.929102 0.794151 -0.270695
-4.985591 0.265721 -0.270695
-4.985591 -0.265721 -0.270695
-4.929102 -0.794151 -0.270695
-4.816765 -1.313584 -0.270695
-4.649851 -1.818133 -0.270695
-4.430253 -2.302081 -0.270695
-4.160459 -2.759947 -0.270695
-3.843525 -3.186541 -0.270695
-3.483042 -3.577030 -0.270695
-3.083095 -3.926990 -0.270695
-2.648215 -4.232456 -0.270695
-2.183330 -4.489966 -0.270695
-1.693707 -4.696603 -0.270695
-1.184893 -4.850026 -0.270695
-0.662654 -4.948496 -0.270695
-0.132907 -4.990898 -0.270695
0.398345 -4.976750 -0.270695
0.925085 -4.906215 -0.270695
1.441343 -4.780089 -0.270695
1.941270 -4.599804 -0.270695
2.419201 -4.367401 -0.270695
2.869722 -4.085513 -0.270695
3.287728 -3.757335 -0.270695
3.668483 -3.386585 -0.270695
4.007672 -2.977464 -0.270695
4.301453 -2.534606 -0.270695
4.546496 -2.063031 -0.270695
4.740026 -1.568080 -0.270695
4.879850 -1.055363 -0.270695
4.964383 -0.530688 -0.270695
4.992667 -0.000000 -0.270695
4.934133 0.000000 -0.808910
4.906180 0.524466 -0.808910
4.822638 1.042990 -0.808910
4.684454 1.549696 -0.808910
4.493193 2.038844 -0.808910
4.251022 2.504890 -0.808910
3.960686 2.942556 -0.808910
3.625473 3.346881 -0.808910
3.249182 3.713284 -0.808910
2.836077 4.037614 -0.808910
2.390838 4.316197 -0.808910
1.918510 4.545875 -0.808910
1.424444 4.724047 -0.808910
0.914239 4.848694 -0.808910
0.393675 4.918403 -0.808910
-0.131349 4.932384 -0.808910
-0.654885 4.890480 -0.808910
-1.171001 4.793164 -0.808910
-1.673850 4.641540 -0.808910
-2.157732 4.437325 -0.808910
-2.617167 4.182834 -0.808910
-3.046948 3.880950 -0.808910
-3.442206 3.535093 -0.808910
-3.798463 3.149181 -0.808910
-4.111681 2.727589 -0.808910
-4.378313 2.275092 -0.808910
-4.595336 1.796817 -0.808910
-4.760293 1.298183 -0.808910
-4.871313 0.784840 -0.808910
-4.927139 0.262605 -0.808910
-4.927139 -0.262605 -0.808910
-4.871313 -0.784840 -0.808910
-4.760293 -1.298183 -0.808910
-4.595336 -1.796817 -0.808910
-4.378313 -2.275092 -0.808910
-4.111681 -2.727589 -0.808910
-3.798463 -3.149181 -0.808910
-3.442206 -3.535093 -0.808910
-3.046948 -3.880950 -0.808910
-2.617167 -4.182834 -0.808910
-2.157732 -4.437325 -0.808910
-1.673850 -4.641540 -0.808910
-1.171001 -4.793164 -0.808910
-0.654885 -4.890480 -0.808910
-0.131349 -4.932384 -0.808910
0.393675 -4.918403 -0.808910
0.914239 -4.848694 -0.808910
1.424444 -4.724047 -0.808910
1.918510 -4.545875 -0.808910
2.390838 -4.316197 -0.808910
2.836077 -4.037614 -0.808910
3.249182 -3.713284 -0.808910
3.625473 -3.346881 -0.808910
3.960686 -2.942556 -0.808910
4.251022 -2.504890 -0.808910
4.493193 -2.038844 -0.808910
4.684454 -1.549696 -0.808910
4.822638 -1.042990 -0.808910
4.906180 -0.524466 -0.808910
4.934133 -0.000000 -0.808910
4.817750 0.000000 -1.337642
4.790456 0.512095 -1.337642
4.708885 1.018389 -1.337642
4.573960 1.513143 -1.337642
4.387211 1.990753 -1.337642
4.150752 2.445807 -1.337642
3.867264 2.873149 -1.337642
3.539958 3.267937 -1.337642
3.172543 3.625698 -1.337642
2.769182 3.942378 -1.337642
2.334445 4.214390 -1.337642
1.873258 4.438651 -1.337642
1.390846 4.612620 -1.337642
0.892675 4.734326 -1.337642
0.384390 4.802391 -1.337642
-0.128251 4.816043 -1.337642
-0.639438 4.775127 -1.337642
-1.143381 4.680106 -1.337642
-1.634368 4.532059 -1.337642
-2.106837 4.332661 -1.337642
-2.555435 4.084173 -1.337642
-2.975079 3.789409 -1.337642
-3.361014 3.451709 -1.337642
-3.708868 3.074901 -1.337642
-4.014698 2.663252 -1.337642
-4.275040 2.221428 -1.337642
-4.486945 1.754435 -1.337642
-4.648010 1.267562 -1.337642
-4.756412 0.766328 -1.337642
-4.810922 0.256411 -1.337642
-4.810922 -0.256411 -1.337642
-4.756412 -0.766328 -1.337642
-4.648010 -1.267562 -1.337642
-4.486945 -1.754435 -1.337642
-4.275040 -2.221428 -1.337642
-4.014698 -2.663252 -1.337642
-3.708868 -3.074901 -1.337642
-3.361014 -3.451709 -1.337642
-2.975079 -3.789409 -1.337642
-2.555435 -4.084173 -1.337642
-2.106837 -4.332661 -1.337642
-1.634368 -4.532059 -1.337642
-1.143381 -4.680106 -1.337642
-0.639438 -4.775127 -1.337642
-0.128251 -4.816043 -1.337642
0.384390 -4.802391 -1.337642
0.892675 -4.734326 -1.337642
1.390846 -4.612620 -1.337642
1.873258 -4.438651 -1.337642
2.334445 -4.214390 -1.337642
2.769182 -3.942378 -1.337642
3.172543 -3.625698 -1.337642
3.539958 -3.267937 -1.337642
3.867264 -2.873149 -1.337642
4.150752 -2.445807 -1.337642
4.387211 -1.990753 -1.337642
4.573960 -1.513143 -1.337642
4.708885 -1.018389 -1.337642
4.790456 -0.512095 -1.337642
4.817750 -0.000000 -1.337642
4.644884 0.000000 -1.850691
4.618569 0.493721 -1.850691
4.539925 0.981848 -1.850691
4.409841 1.458850 -1.850691
4.229793 1.919323 -1.850691
4.001818 2.358049 -1.850691
3.728502 2.770057 -1.850691
3.412940 3.150680 -1.850691
3.058709 3.495604 -1.850691
2.669821 3.800921 -1.850691
2.250682 4.063173 -1.850691
1.806043 4.279387 -1.850691
1.340940 4.447114 -1.850691
0.860645 4.564453 -1.850691
0.370597 4.630076 -1.850691
-0.123649 4.643238 -1.850691
-0.616495 4.603790 -1.850691
-1.102355 4.512179 -1.850691
-1.575725 4.369443 -1.850691
-2.031242 4.177200 -1.850691
-2.463743 3.937628 -1.850691
-2.868330 3.653440 -1.850691
-3.240417 3.327858 -1.850691
-3.575789 2.964570 -1.850691
-3.870646 2.567692 -1.850691
-4.121647 2.141721 -1.850691
-4.325948 1.691483 -1.850691
-4.481234 1.222081 -1.850691
-4.585747 0.738831 -1.850691
-4.638300 0.247211 -1.850691
-4.638300 -0.247211 -1.850691
-4.585747 -0.738831 -1.850691
-4.481234 -1.222081 -1.850691
-4.325948 -1.691483 -1.850691
-4.121647 -2.141721 -1.850691
-3.870646 -2.567692 -1.850691
-3.575789 -2.964570 -1.850691
-3.240417 -3.327858 -1.850691
-2.868330 -3.653440 -1.850691
-2.463743 -3.937628 -1.850691
-2.031242 -4.177200 -1.850691
-1.575725 -4.369443 -1.850691
-1.102355 -4.512179 -1.850691
-0.616495 -4.603790 -1.850691
-0.123649 -4.643238 -1.850691
0.370597 -4.630076 -1.850691
0.860645 -4.564453 -1.850691
1.340940 -4.447114 -1.850691
1.806043 -4.279387 -1.850691
2.250682 -4.063173 -1.850691
2.669821 -3.800921 -1.850691
3.058709 -3.495604 -1.850691
3.412940 -3.150680 -1.850691
3.728502 -2.770057 -1.850691
4.001818 -2.358049 -1.850691
4.229793 -1.919323 -1.850691
4.409841 -1.458850 -1.850691
4.539925 -0.981848 -1.850691
4.618569 -0.493721 -1.850691
4.644884 -0.000000 -1.850691
4.417560 0.000000 -2.342042
4.392534 0.469558 -2.342042
4.317738 0.933795 -2.342042
4.194021 1.387453 -2.342042
4.022784 1.825390 -2.342042
3.805967 2.242644 -2.342042
3.546027 2.634489 -2.342042
3.245909 2.996483 -2.342042
2.909014 3.324527 -2.342042
2.539158 3.614902 -2.342042
2.140533 3.864319 -2.342042
1.717654 4.069951 -2.342042
1.275314 4.229470 -2.342042
0.818524 4.341066 -2.342042
0.352460 4.403477 -2.342042
-0.117598 4.415995 -2.342042
-0.586323 4.378477 -2.342042
-1.048405 4.291350 -2.342042
-1.498608 4.155600 -2.342042
-1.931831 3.972765 -2.342042
-2.343166 3.744918 -2.342042
-2.727952 3.474639 -2.342042
-3.081829 3.164991 -2.342042
-3.400788 2.819482 -2.342042
-3.681214 2.442028 -2.342042
-3.919931 2.036904 -2.342042
-4.114234 1.608701 -2.342042
-4.261920 1.162271 -2.342042
-4.361317 0.702673 -2.342042
-4.411299 0.235112 -2.342042
-4.411299 -0.235112 -2.342042
-4.361317 -0.702673 -2.342042
-4.261920 -1.162271 -2.342042
-4.114234 -1.608701 -2.342042
-3.919931 -2.036904 -2.342042
-3.681214 -2.442028 -2.342042
-3.400788 -2.819482 -2.342042
-3.081829 -3.164991 -2.342042
-2.727952 -3.474639 -2.342042
-2.343166 -3.744918 -2.342042
-1.931831 -3.972765 -2.342042
-1.498608 -4.155600 -2.342042
-1.048405 -4.291350 -2.342042
-0.586323 -4.378477 -2.342042
-0.117598 -4.415995 -2.342042
0.352460 -4.403477 -2.342042
0.818524 -4.341066 -2.342042
1.275314 -4.229470 -2.342042
1.717654 -4.069951 -2.342042
2.140533 -3.864319 -2.342042
2.539158 -3.614902 -2.342042
2.909014 -3.324527 -2.342042
3.245909 -2.996483 -2.342042
3.546027 -2.634489 -2.342042
3.805967 -2.242644 -2.342042
4.022784 -1.825390 -2.342042
4.194021 -1.387453 -2.342042
4.317738 -0.933795 -2.342042
4.392534 -0.469558 -2.342042
4.417560 -0.000000 -2.342042
4.138445 0.000000 -2.805935
4.115000 0.439890 -2.805935
4.044930 0.874795 -2.805935
3.929030 1.299789 -2.805935
3.768612 1.710056 -2.805935
3.565494 2.100947 -2.805935
3.321978 2.468034 -2.805935
3.040822 2.807156 -2.805935
2.725213 3.114473 -2.805935
2.378726 3.386501 -2.805935
2.005287 3.620159 -2.805935
1.609127 3.812799 -2.805935
1.194736 3.962238 -2.805935
0.766807 4.066784 -2.805935
0.330190 4.125252 -2.805935
-0.110168 4.136978 -2.805935
-0.549277 4.101831 -2.805935
-0.982163 4.020209 -2.805935
-1.403921 3.893036 -2.805935
-1.809772 3.721754 -2.805935
-2.195118 3.508302 -2.805935
-2.555592 3.255100 -2.805935
-2.887110 2.965017 -2.805935
-3.185916 2.641338 -2.805935
-3.448624 2.287733 -2.805935
-3.672258 1.908206 -2.805935
-3.854284 1.507059 -2.805935
-3.992639 1.088835 -2.805935
-4.085756 0.658276 -2.805935
-4.132580 0.220257 -2.805935
-4.132580 -0.220257 -2.805935
-4.085756 -0.658276 -2.805935
-3.992639 -1.088835 -2.805935
-3.854284 -1.507059 -2.805935
-3.672258 -1.908206 -2.805935
-3.448624 -2.287733 -2.805935
-3.185916 -2.641338 -2.805935
-2.887110 -2.965017 -2.805935
-2.555592 -3.255100 -2.805935
-2.195118 -3.508302 -2.805935
-1.809772 -3.721754 -2.805935
-1.403921 -3.893036 -2.805935
-0.982163 -4.020209 -2.805935
-0.549277 -4.101831 -2.805935
-0.110168 -4.136978 -2.805935
0.330190 -4.125252 -2.805935
0.766807 -4.066784 -2.805935
1.194736 -3.962238 -2.805935
1.609127 -3.812799 -2.805935
2.005287 -3.620159 -2.805935
2.378726 -3.386501 -2.805935
2.725213 -3.114473 -2.805935
3.040822 -2.807156 -2.805935
3.321978 -2.468034 -2.805935
3.565494 -2.100947 -2.805935
3.768612 -1.710056 -2.805935
3.929030 -1.299789 -2.805935
4.044930 -0.874795 -2.805935
4.115000 -0.439890 -2.805935
4.138445 -0.000000 -2.805935
3.810810 0.000000 -3.236931
3.789221 0.405064 -3.236931
3.724699 0.805539 -3.236931
3.617974 1.196887 -3.236931
3.470256 1.574673 -3.236931
3.283219 1.934618 -3.236931
3.058982 2.272643 -3.236931
2.800085 2.584918 -3.236931
2.509462 2.867904 -3.236931
2.190406 3.118397 -3.236931
1.846531 3.333556 -3.236931
1.481735 3.510945 -3.236931
1.100150 3.648554 -3.236931
0.706100 3.744823 -3.236931
0.304050 3.798661 -3.236931
-0.101446 3.809460 -3.236931
-0.505792 3.777095 -3.236931
-0.904407 3.701935 -3.236931
-1.292775 3.584830 -3.236931
-1.666495 3.427108 -3.236931
-2.021333 3.230555 -3.236931
-2.353269 2.997399 -3.236931
-2.658541 2.730281 -3.236931
-2.933691 2.432227 -3.236931
-3.175601 2.106616 -3.236931
-3.381530 1.757136 -3.236931
-3.549145 1.387747 -3.236931
-3.676547 1.002634 -3.236931
-3.762292 0.606161 -3.236931
-3.805409 0.202820 -3.236931
-3.805409 -0.202820 -3.236931
-3.762292 -0.606161 -3.236931
-3.676547 -1.002634 -3.236931
-3.549145 -1.387747 -3.236931
-3.381530 -1.757136 -3.236931
-3.175601 -2.106616 -3.236931
-2.933691 -2.432227 -3.236931
-2.658541 -2.730281 -3.236931
-2.353269 -2.997399 -3.236931
-2.021333 -3.230555 -3.236931
-1.666495 -3.427108 -3.236931
-1.292775 -3.584830 -3.236931
-0.904407 -3.701935 -3.236931
-0.505792 -3.777095 -3.236931
-0.101446 -3.809460 -3.236931
0.304050 -3.798661 -3.236931
0.706100 -3.744823 -3.236931
1.100150 -3.648554 -3.236931
1.481735 -3.510945 -3.236931
1.846531 -3.333556 -3.236931
2.190406 -3.118397 -3.236931
2.509462 -2.867904 -3.236931
2.800085 -2.584918 -3.236931
3.058982 -2.272643 -3.236931
3.283219 -1.934618 -3.236931
3.470256 -1.574673 -3.236931
3.617974 -1.196887 -3.236931
3.724699 -0.805539 -3.236931
3.789221 -0.405064 -3.236931
3.810810 -0.000000 -3.236931
3.438497 0.000000 -3.629977
3.419018 0.365490 -3.629977
3.360799 0.726839 -3.629977
3.264501 1.079952 -3.629977
3.131215 1.420829 -3.629977
2.962451 1.745607 -3.629977
2.760122 2.050608 -3.629977
2.526519 2.332373 -3.629977
2.264290 2.587713 -3.629977
1.976405 2.813732 -3.629977
1.666127 3.007870 -3.629977
1.336971 3.167929 -3.629977
0.992666 3.292093 -3.629977
0.637115 3.378957 -3.629977
0.274344 3.427535 -3.629977
-0.091535 3.437279 -3.629977
-0.456376 3.408076 -3.629977
-0.816047 3.340259 -3.629977
-1.166472 3.234595 -3.629977
-1.503680 3.092282 -3.629977
-1.823851 2.914933 -3.629977
-2.123357 2.704555 -3.629977
-2.398804 2.463535 -3.629977
-2.647072 2.194601 -3.629977
-2.865348 1.900802 -3.629977
-3.051158 1.585465 -3.629977
-3.202397 1.252165 -3.629977
-3.317352 0.904677 -3.629977
-3.394720 0.546939 -3.629977
-3.433624 0.183004 -3.629977
-3.433624 -0.183004 -3.629977
-3.394720 -0.546939 -3.629977
-3.317352 -0.904677 -3.629977
-3.202397 -1.252165 -3.629977
-3.051158 -1.585465 -3.629977
-2.865348 -1.900802 -3.629977
-2.647072 -2.194601 -3.629977
-2.398804 -2.463535 -3.629977
-2.123357 -2.704555 -3.629977
-1.823851 -2.914933 -3.629977
-1.503680 -3.092282 -3.629977
-1.166472 -3.234595 -3.629977
-0.816047 -3.340259 -3.629977
-0.456376 -3.408076 -3.629977
-0.091535 -3.437279 -3.629977
0.274344 -3.427535 -3.629977
0.637115 -3.378957 -3.629977
0.992666 -3.292093 -3.629977
1.336971 -3.167929 -3.629977
1.666127 -3.007870 -3.629977
1.976405 -2.813732 -3.629977
2.264290 -2.587713 -3.629977
2.526519 -2.332373 -3.629977
2.760122 -2.050608 -3.629977
2.962451 -1.745607 -3.629977
3.131215 -1.420829 -3.629977
3.264501 -1.079952 -3.629977
3.360799 -0.726839 -3.629977
3.419018 -0.365490 -3.629977
3.438497 -0.000000 -3.629977
3.025871 0.000000 -3.980465
3.008729 0.321630 -3.980465
2.957497 0.639617 -3.980465
2.872755 0.950356 -3.980465
2.755463 1.250327 -3.980465
2.606952 1.536131 -3.980465
2.428902 1.804531 -3.980465
2.223332 2.052484 -3.980465
1.992571 2.277182 -3.980465
1.739233 2.476079 -3.980465
1.466188 2.646920 -3.980465
1.176532 2.787771 -3.980465
0.873545 2.897036 -3.980465
0.560660 2.973475 -3.980465
0.241422 3.016225 -3.980465
-0.080550 3.024799 -3.980465
-0.401610 2.999101 -3.980465
-0.718120 2.939422 -3.980465
-1.026493 2.846438 -3.980465
-1.323236 2.721203 -3.980465
-1.604985 2.565135 -3.980465
-1.868550 2.380004 -3.980465
-2.110943 2.167906 -3.980465
-2.329418 1.931245 -3.980465
-2.521500 1.672702 -3.980465
-2.685013 1.395206 -3.980465
-2.818103 1.101903 -3.980465
-2.919263 0.796114 -3.980465
-2.987347 0.481306 -3.980465
-3.021582 0.161043 -3.980465
-3.021582 -0.161043 -3.980465
-2.987347 -0.481306 -3.980465
-2.919263 -0.796114 -3.980465
-2.818103 -1.101903 -3.980465
-2.685013 -1.395206 -3.980465
-2.521500 -1.672702 -3.980465
-2.329418 -1.931245 -3.980465
-2.110943 -2.167906 -3.980465
-1.868550 -2.380004 -3.980465
-1.604985 -2.565135 -3.980465
-1.323236 -2.721203 -3.980465
-1.026493 -2.846438 -3.980465
-0.718120 -2.939422 -3.980465
-0.401610 -2.999101 -3.980465
-0.080550 -3.024799 -3.980465
0.241422 -3.016225 -3.980465
0.560660 -2.973475 -3.980465
0.873545 -2.897036 -3.980465
1.176532 -2.787771 -3.980465
1.466188 -2.646920 -3.980465
1.739233 -2.476079 -3.980465
1.992571 -2.277182 -3.980465
2.223332 -2.052484 -3.980465
2.428902 -1.804531 -3.980465
2.606952 -1.536131 -3.980465
2.755463 -1.250327 -3.980465
2.872755 -0.950356 -3.980465
2.957497 -0.639617 -3.980465
3.008729 -0.321630 -3.980465
3.025871 -0.000000 -3.980465
2.577769 0.000000 -4.284286
2.563166 0.274000 -4.284286
2.519520 0.544896 -4.284286
2.447328 0.809617 -4.284286
2.347406 1.065166 -4.284286
2.220888 1.308645 -4.284286
2.069205 1.537297 -4.284286
1.894078 1.748531 -4.284286
1.697490 1.939954 -4.284286
1.481669 2.109396 -4.284286
1.249060 2.254937 -4.284286
1.002299 2.374930 -4.284286
0.744181 2.468013 -4.284286
0.477632 2.533133 -4.284286
0.205670 2.569551 -4.284286
-0.068622 2.576856 -4.284286
-0.342136 2.554963 -4.284286
-0.611773 2.504122 -4.284286
-0.874480 2.424908 -4.284286
-1.127277 2.318219 -4.284286
-1.367303 2.185264 -4.284286
-1.591836 2.027548 -4.284286
-1.798333 1.846860 -4.284286
-1.984454 1.645246 -4.284286
-2.148091 1.424991 -4.284286
-2.287389 1.188590 -4.284286
-2.400770 0.938722 -4.284286
-2.486949 0.678218 -4.284286
-2.544950 0.410029 -4.284286
-2.574116 0.137194 -4.284286
-2.574116 -0.137194 -4.284286
-2.544950 -0.410029 -4.284286
-2.486949 -0.678218 -4.284286
-2.400770 -0.938722 -4.284286
-2.287389 -1.188590 -4.284286
-2.148091 -1.424991 -4.284286
-1.984454 -1.645246 -4.284286
-1.798333 -1.846860 -4.284286
-1.591836 -2.027548 -4.284286
-1.367303 -2.185264 -4.284286
-1.127277 -2.318219 -4.284286
-0.874480 -2.424908 -4.284286
-0.611773 -2.504122 -4.284286
-0.342136 -2.554963 -4.284286
-0.068622 -2.576856 -4.284286
0.205670 -2.569551 -4.284286
0.477632 -2.533133 -4.284286
0.744181 -2.468013 -4.284286
1.002299 -2.374930 -4.284286
1.249060 -2.254937 -4.284286
1.481669 -2.109396 -4.284286
1.697490 -1.939954 -4.284286
1.894078 -1.748531 -4.284286
2.069205 -1.537297 -4.284286
2.220888 -1.308645 -4.284286
2.347406 -1.065166 -4.284286
2.447328 -0.809617 -4.284286
2.519520 -0.544896 -4.284286
2.563166 -0.274000 -4.284286
2.577769 -0.000000 -4.284286
2.099446 0.000000 -4.537877
2.087552 0.223157 -4.537877
2.052005 0.443786 -4.537877
1.993209 0.659387 -4.537877
1.911828 0.867516 -4.537877
1.808786 1.065817 -4.537877
1.685249 1.252041 -4.537877
1.542618 1.424079 -4.537877
1.382509 1.579981 -4.537877
1.206735 1.717982 -4.537877
1.017288 1.836517 -4.537877
0.816315 1.934244 -4.537877
0.606093 2.010055 -4.537877
0.389004 2.063092 -4.537877
0.167507 2.092752 -4.537877
-0.055888 2.098701 -4.537877
-0.278650 2.080871 -4.537877
-0.498254 2.039464 -4.537877
-0.712214 1.974949 -4.537877
-0.918103 1.888057 -4.537877
-1.113590 1.779772 -4.537877
-1.296459 1.651322 -4.537877
-1.464639 1.504162 -4.537877
-1.616224 1.339959 -4.537877
-1.749497 1.160574 -4.537877
-1.862947 0.968039 -4.537877
-1.955290 0.764535 -4.537877
-2.025478 0.552369 -4.537877
-2.072716 0.333945 -4.537877
-2.096470 0.111737 -4.537877
-2.096470 -0.111737 -4.537877
-2.072716 -0.333945 -4.537877
-2.025478 -0.552369 -4.537877
-1.955290 -0.764535 -4.537877
-1.862947 -0.968039 -4.537877
-1.749497 -1.160574 -4.537877
-1.616224 -1.339959 -4.537877
-1.464639 -1.504162 -4.537877
-1.296459 -1.651322 -4.537877
-1.113590 -1.779772 -4.537877
-0.918103 -1.888057 -4.537877
-0.712214 -1.974949 -4.537877
-0.498254 -2.039464 -4.537877
-0.278650 -2.080871 -4.537877
-0.055888 -2.098701 -4.537877
0.167507 -2.092752 -4.537877
0.389004 -2.063092 -4.537877
0.606093 -2.010055 -4.537877
0.816315 -1.934244 -4.537877
1.017288 -1.836517 -4.537877
1.206735 -1.717982 -4.537877
1.382509 -1.579981 -4.537877
1.542618 -1.424079 -4.537877
1.685249 -1.252041 -4.537877
1.808786 -1.065817 -4.537877
1.911828 -0.867516 -4.537877
1.993209 -0.659387 -4.537877
2.052005 -0.443786 -4.537877
2.087552 -0.223157 -4.537877
2.099446 -0.000000 -4.537877
1.596508 0.000000 -4.738266
1.587463 0.169698 -4.738266
1.560432 0.337474 -4.738266
1.515721 0.501426 -4.738266
1.453835 0.659696 -4.738266
1.375478 0.810492 -4.738266
1.281535 0.952105 -4.738266
1.173073 1.082930 -4.738266
1.051318 1.201485 -4.738266
0.917652 1.306427 -4.738266
0.773589 1.396566 -4.738266
0.620761 1.470882 -4.738266
0.460899 1.528532 -4.738266
0.295815 1.568863 -4.738266
0.127379 1.591418 -4.738266
-0.042500 1.595942 -4.738266
-0.211897 1.582383 -4.738266
-0.378894 1.550895 -4.738266
-0.541597 1.501835 -4.738266
-0.698164 1.435759 -4.738266
-0.846821 1.353414 -4.738266
-0.985883 1.255736 -4.738266
-1.113774 1.143829 -4.738266
-1.229046 1.018962 -4.738266
-1.330392 0.882550 -4.738266
-1.416664 0.736138 -4.738266
-1.486885 0.581385 -4.738266
-1.540259 0.420045 -4.738266
-1.576181 0.253946 -4.738266
-1.594245 0.084970 -4.738266
-1.594245 -0.084970 -4.738266
-1.576181 -0.253946 -4.738266
-1.540259 -0.420045 -4.738266
-1.486885 -0.581385 -4.738266
-1.416664 -0.736138 -4.738266
-1.330392 -0.882550 -4.738266
-1.229046 -1.018962 -4.738266
-1.113774 -1.143829 -4.738266
-0.985883 -1.255736 -4.738266
-0.846821 -1.353414 -4.738266
-0.698164 -1.435759 -4.738266
-0.541597 -1.501835 -4.738266
-0.378894 -1.550895 -4.738266
-0.211897 -1.582383 -4.738266
-0.042500 -1.595942 -4.738266
0.127379 -1.591418 -4.738266
0.295815 -1.568863 -4.738266
0.460899 -1.528532 -4.738266
0.620761 -1.470882 -4.738266
0.773589 -1.396566 -4.738266
0.917652 -1.306427 -4.738266
1.051318 -1.201485 -4.738266
1.173073 -1.082930 -4.738266
1.281535 -0.952105 -4.738266
1.375478 -0.810492 -4.738266
1.453835 -0.659696 -4.738266
1.515721 -0.501426 -4.738266
1.560432 -0.337474 -4.738266
1.587463 -0.169698 -4.738266
1.596508 -0.000000 -4.738266
1.074852 0.000000 -4.883103
1.068763 0.114250 -4.883103
1.050564 0.227205 -4.883103
1.020462 0.337586 -4.883103
0.978798 0.444142 -4.883103
0.926043 0.545666 -4.883103
0.862796 0.641007 -4.883103
0.789774 0.729085 -4.883103
0.707802 0.808902 -4.883103
0.617812 0.879555 -4.883103
0.520821 0.940241 -4.883103
0.417929 0.990274 -4.883103
0.310301 1.029087 -4.883103
0.199158 1.056240 -4.883103
0.085758 1.071426 -4.883103
-0.028613 1.074471 -4.883103
-0.142660 1.065343 -4.883103
-0.255091 1.044144 -4.883103
-0.364632 1.011114 -4.883103
-0.470041 0.966628 -4.883103
-0.570124 0.911189 -4.883103
-0.663748 0.845427 -4.883103
-0.749851 0.770085 -4.883103
-0.827458 0.686018 -4.883103
-0.895689 0.594178 -4.883103
-0.953772 0.495606 -4.883103
-1.001049 0.391419 -4.883103
-1.036983 0.282796 -4.883103
-1.061168 0.170970 -4.883103
-1.073329 0.057206 -4.883103
-1.073329 -0.057206 -4.883103
-1.061168 -0.170970 -4.883103
-1.036983 -0.282796 -4.883103
-1.001049 -0.391419 -4.883103
-0.953772 -0.495606 -4.883103
-0.895689 -0.594178 -4.883103
-0.827458 -0.686018 -4.883103
-0.749851 -0.770085 -4.883103
-0.663748 -0.845427 -4.883103
-0.570124 -0.911189 -4.883103
-0.470041 -0.966628 -4.883103
-0.364632 -1.011114 -4.883103
-0.255091 -1.044144 -4.883103
-0.142660 -1.065343 -4.883103
-0.028613 -1.074471 -4.883103
0.085758 -1.071426 -4.883103
0.199158 -1.056240 -4.883103
0.310301 -1.029087 -4.883103
0.417929 -0.990274 -4.883103
0.520821 -0.940241 -4.883103
0.617812 -0.879555 -4.883103
0.707802 -0.808902 -4.883103
0.789774 -0.729085 -4.883103
0.862796 -0.641007 -4.883103
0.926043 -0.545666 -4.883103
0.978798 -0.444142 -4.883103
1.020462 -0.337586 -4.883103
1.050564 -0.227205 -4.883103
1.068763 -0.114250 -4.883103
1.074852 -0.000000 -4.883103
0.540595 0.000000 -4.970690
0.537533 0.057462 -4.970690
0.528379 0.114272 -4.970690
0.513240 0.169788 -4.970690
0.492285 0.223380 -4.970690
0.465752 0.274442 -4.970690
0.433942 0.322393 -4.970690
0.397215 0.366692 -4.970690
0.355988 0.406836 -4.970690
0.310727 0.442370 -4.970690
0.261946 0.472893 -4.970690
0.210196 0.498057 -4.970690
0.156065 0.517578 -4.970690
0.100166 0.531234 -4.970690
0.043132 0.538872 -4.970690
-0.014391 0.540404 -4.970690
-0.071751 0.535812 -4.970690
-0.128298 0.525150 -4.970690
-0.183391 0.508538 -4.970690
-0.236406 0.486164 -4.970690
-0.286743 0.458281 -4.970690
-0.333831 0.425206 -4.970690
-0.377136 0.387313 -4.970690
-0.416168 0.345032 -4.970690
-0.450485 0.298841 -4.970690
-0.479698 0.249264 -4.970690
-0.503476 0.196863 -4.970690
-0.521549 0.142232 -4.970690
-0.533712 0.085989 -4.970690
-0.539829 0.028772 -4.970690
-0.539829 -0.028772 -4.970690
-0.533712 -0.085989 -4.970690
-0.521549 -0.142232 -4.970690
-0.503476 -0.196863 -4.970690
-0.479698 -0.249264 -4.970690
-0.450485 -0.298841 -4.970690
-0.416168 -0.345032 -4.970690
-0.377136 -0.387313 -4.970690
-0.333831 -0.425206 -4.970690
-0.286743 -0.458281 -4.970690
-0.236406 -0.486164 -4.970690
-0.183391 -0.508538 -4.970690
-0.128298 -0.525150 -4.970690
-0.071751 -0.535812 -4.970690
-0.014391 -0.540404 -4.970690
0.043132 -0.538872 -4.970690
0.100166 -0.531234 -4.970690
0.156065 -0.517578 -4.970690
0.210196 -0.498057 -4.970690
0.261946 -0.472893 -4.970690
0.310727 -0.442370 -4.970690
0.355988 -0.406836 -4.970690
0.397215 -0.366692 -4.970690
0.433942 -0.322393 -4.970690
0.465752 -0.274442 -4.970690
0.492285 -0.223380 -4.970690
0.513240 -0.169788 -4.970690
0.528379 -0.114272 -4.970690
0.537533 -0.057462 -4.970690
0.540595 -0.000000 -4.970690
0.000000 0.000000 -5.000000
0.000000 0.000000 -5.000000
0.000000 0.000000 -5.000000
0.000000 0.000000 -5.000000
0.000000 0.000000 -5.000000
0.000000 0.000000 -5.000000
0.000000 0.000000 -5.000000
0.000000 0.000000 -5.000000
0.000000 0.000000 -5.000000
0.000000 0.000000 -5.000000
0.000000 0.000000 -5.000000
0.000000 0.000000 -5.000000
0.000000 0.000000 -5.000000
0.000000 0.000000 -5.000000
0.000000 0.000000 -5.000000
-0.000000 0.000000 -5.000000
-0.000000 0.000000 -5.000000
-0.000000 0.000000 -5.000000
-0.000000 0.000000 -5.000000
-0.000000 0.000000 -5.000000
-0.000000 0.000000 -5.000000
-0.000000 0.000000 -5.000000
-0.000000 0.000000 -5.000000
-0.000000 0.000000 -5.000000
-0.000000 0.000000 -5.000000
-0.000000 0.000000 -5.000000
-0.000000 0.000000 -5.000000
-0.000000 0.000000 -5.000000
-0.000000 0.000000 -5.000000
-0.000000 0.000000 -5.000000
-0.000000 -0.000000 -5.000000
-0.000000 -0.000000 -5.000000
-0.000000 -0.000000 -5.000000
-0.000000 -0.000000 -5.000000
-0.000000 -0.000000 -5.000000
-0.000000 -0.000000 -5.000000
-0.000000 -0.000000 -5.000000
-0.000000 -0.000000 -5.000000
-0.000000 -0.000000 -5.000000
-0.000000 -0.000000 -5.000000
-0.000000 -0.000000 -5.000000
-0.000000 -0.000000 -5.000000
-0.000000 -0.000000 -5.000000
-0.000000 -0.000000 -5.000000
-0.000000 -0.000000 -5.000000
0.000000 -0.000000 -5.000000
0.000000 -0.000000 -5.000000
0.000000 -0.000000 -5.000000
0.000000 -0.000000 -5.000000
0.000000 -0.000000 -5.000000
0.000000 -0.000000 -5.000000
0.000000 -0.000000 -5.000000
0.000000 -0.000000 -5.000000
0.000000 -0.000000 -5.000000
0.000000 -0.000000 -5.000000
0.000000 -0.000000 -5.000000
0.000000 -0.000000 -5.000000
0.000000 -0.000000 -5.000000
0.000000 -0.000000 -5.000000
0.000000 -0.000000 -5.000000
